>> BFGS

count =

    12


final_error =

    0.0007
    0.0011


xk3 =

    0.9993
    0.9989


fxk3 =

   3.7775e-04


Gfxk3 =

   -2.2500
    1.0000

>> BFGS

count =

    31


final_error =

   1.0e-06 *

    0.3262
    0.6523


xk2 =

    1.0000
    1.0000


fxk2 =

   8.8218e-13


Gfxk2 =

    -2
     1

>> BFGS

count =

     7


final_error =

   1.0e-07 *

    0.1724
    0.5162


xk1 =

    1.0000
    1.0000


fxk1 =

   5.9111e-16


Gfxk1 =

   1.0e-07 *

    0.3411
   -0.3429